0.54030230586813976501
0.235237573302989416701
-0.0957235480143754369209
-0.416146836547142406904
-0.989992496600445415211
-0.653643620863611940486
0.283662185463226246274
0.54030230586813976501
0.242927903638188419366
-0.0791836802665230043985
-0.387601990708750954173
-1.00286550764766180244
-0.666755561127776674724
0.283662185463226246274
0.54030230586813976501
0.245705626078437322501
-0.0736198579187954532665
-0.379352584066484532777
-0.989992496600445415211
-0.653643620863611940486
0.283662185463226246274
0.54030230586813976501
0.246273065858917755699
-0.0725636181070073299493
-0.377999487260075983652
-0.989992496600445415211
0
0
0.54030230586813976501
0.245905420502664090465
-0.0732312336891852017073
-0.378824101797712531337
-0.989992496600445415211
0
0
0.54030230586813976501
0.243625968480458143794
-0.0775770616816966324114
-0.384594459323049253641
-0.989992496600445415211
0
0
0.54030230586813976501
0.235237573302989416701
-0.0957235480143754369209
-0.416146836547142406904
-0.989992496600445415211
0
0
